version https://git-lfs.github.com/spec/v1
oid sha256:71d0ab8cbdc8e32dde3f08e34ad62b0e3071eb25d8ef101dd4d1f414c133862e
size 2219
